---------------------------------------------------------------------------------------
Nodes displacement - last iteration for last step
---------------------------------------------------------------------------------------
|      node|                   Xdesp|                   Ydesp|                   Zdesp|
---------------------------------------------------------------------------------------
|         1|      0.000000000000E+00|      0.000000000000E+00|      0.000000000000E+00|
|         2|      0.200000000000E+00|      0.000000000000E+00|      0.000000000000E+00|
|         3|      0.200000000000E+00|     -0.450130890948E-01|      0.000000000000E+00|
|         4|      0.000000000000E+00|     -0.450130890951E-01|      0.000000000000E+00|
|         5|      0.000000000000E+00|      0.000000000000E+00|     -0.450130890951E-01|
|         6|      0.200000000000E+00|      0.000000000000E+00|     -0.450130890948E-01|
|         7|      0.200000000000E+00|     -0.450130890948E-01|     -0.450130890948E-01|
|         8|      0.000000000000E+00|     -0.450130890950E-01|     -0.450130890950E-01|
|         9|      0.100000000000E+00|     -0.225065445475E-01|      0.000000000000E+00|
|        10|      0.100000000000E+00|     -0.225065445475E-01|     -0.450130890949E-01|
|        11|      0.100000000000E+00|      0.000000000000E+00|     -0.225065445475E-01|
|        12|      0.200000000000E+00|     -0.225065445474E-01|     -0.225065445474E-01|
|        13|      0.100000000000E+00|     -0.450130890949E-01|     -0.225065445475E-01|
|        14|      0.000000000000E+00|     -0.225065445475E-01|     -0.225065445475E-01|
